Sample	fastp_mqc-generalstats-fastp-pct_duplication	fastp_mqc-generalstats-fastp-after_filtering_q30_rate	fastp_mqc-generalstats-fastp-after_filtering_q30_bases	fastp_mqc-generalstats-fastp-filtering_result_passed_filter_reads	fastp_mqc-generalstats-fastp-after_filtering_gc_content	fastp_mqc-generalstats-fastp-pct_surviving	fastp_mqc-generalstats-fastp-pct_adapter	FastQC_mqc-generalstats-fastqc-percent_duplicates	FastQC_mqc-generalstats-fastqc-percent_gc	FastQC_mqc-generalstats-fastqc-avg_sequence_length	FastQC_mqc-generalstats-fastqc-median_sequence_length	FastQC_mqc-generalstats-fastqc-percent_fails	FastQC_mqc-generalstats-fastqc-total_sequences
SRR33467998	3.53939	0.947832	1537388505.0	10873402.0	0.517672	99.17923167167515	3.2806652981113684	33.566256744664415	51.0	150.0	150	9.090909090909092	5481693.0
SRR33467999	3.4942300000000004	0.941852	1829417955.0	13007028.0	0.520794	99.13364378424932	2.6560168283704373	35.25635048997481	52.0	150.0	150	9.090909090909092	6560350.0
SRR33468000	3.49436	0.946981	1737464482.0	12306974.0	0.521019	99.14530396514382	3.568392600443339	34.37135605059417	52.0	150.0	150	9.090909090909092	6206534.0
SRR33468001	3.4774399999999996	0.947106	1794694586.0	12718630.0	0.520014	99.25946956955927	3.885498112228039	34.952092088287	52.0	150.0	150	9.090909090909092	6406759.0
SRR33468002	3.4950500000000004	0.946718	1733551796.0	12323188.0	0.521824	99.17755432831832	5.056416785643577	34.452187823424296	52.0	150.0	150	9.090909090909092	6212690.0
SRR33468003	3.4395599999999997	0.946543	1762578597.0	12556128.0	0.524809	99.18820699315548	6.210061670484273	34.252502014139694	52.0	150.0	150	9.090909090909092	6329446.0
SRR33468004	3.01776	0.944983	1632091470.0	11621424.0	0.526394	99.12057897065742	5.1725817286353095	34.154879500713974	52.0	150.0	150	9.090909090909092	5862266.0
SRR33468005	3.4396700000000004	0.944964	1924108879.0	13691730.0	0.524632	99.1675469179231	4.8057590160809305	35.336535562909376	52.0	150.0	150	9.090909090909092	6903332.0
SRR33468006	3.39581	0.943227	1997547733.0	14282192.0	0.523537	99.13383651535575	6.218242823964495	36.10971125171297	52.0	150.0	150	9.090909090909092	7203490.0
